-0.3937434827945777 0.0015584709524616436
-0.3486965589155371 0.0016166711125120692
-0.3011470281543275 0.00012771701788838463
-0.24984358706986448 0.0001940005335014927
-0.19854014598540148 0.003361059242912745
-0.1572471324296142 0.008065572180323333
-0.11345151199165804 0.03602913241344763
-0.08216892596454645 0.10428660345482599
-0.05964546402502613 0.18338547097671176
-0.04588112617309703 0.2469691458318175
-0.03837330552659024 0.3353509388817484
-0.029614181438998965 0.4392382245717841
-0.020855057351407746 0.5772340373936027
-0.012095933263816527 0.7508887649441034
-0.005839416058394109 0.9307418095399761
-0.0008342022940562854 0.9974149428910928
0.0066736183524505055 0.8222308444681554
0.011678832116788329 0.6625473886719854
0.017935349322210636 0.4827105107872378
0.03044838373305525 0.2718739643200684
0.05797705943691345 0.1649327868984971
0.09176225234619395 0.11381364632086055
0.14431699687174138 0.09992805813549299
0.2043795620437956 0.11240875912408743
0.259436913451512 0.15123958257551873
0.3007299270072993 0.21020766140440206
0.33076120959332633 0.2924170041467612
0.3545359749739312 0.39012213950255015
0.3733055265901981 0.4800688701893928
0.3858185610010427 0.5746586803113707
0.39833159541188734 0.6723492656271469
0.41209593326381655 0.591746893970625
0.4171011470281544 0.4785750660814315
0.4233576642335767 0.3545521416850561
0.4358706986444213 0.2165838122721503
0.46590198123044846 0.0832892790455173
0.5247132429614183 0.019799371114937125
0.6047966631908239 0.015251675275440357
0.6586027111574557 0.012220416939479728
0.7111574556830031 0.016939479916902922
0.78873826903024 0.013938938332080264
